1        1
1e-2     0.010000000000000000208  
1e-4     0.00010000000000000000479  
1e-6     9.9999999999999995475e-07  
1e-8     1.0000000000000000209e-08  
1e-10    1.0000000000000000364e-10  
1e-12    9.9999999999999997989e-13  
1e-14    9.9999999999999999882e-15  
1e-16    9.999999999999999791e-17  
1e-18    1.0000000000000000715e-18  
1e-20    1.0000000000000000956e-20  
1e-22    1.0000000000000000486e-22  
1e-24    1.0000000000000001074e-24  
1e-26    1.0000000000000000385e-26  
1e-28    1.0000000000000000833e-28  
1e-30    1.0000000000000000833e-30  
1e-32    1.000000000000000056e-32  
1e-34    1.0000000000000001415e-34  
1e-36    1.0000000000000001081e-36  
1e-38    1.0000000000000000924e-38  
1e-40    1.0000000000000001332e-40  
1e-42    1.0000000000000001969e-42  
1e-44    1.0000000000000002019e-44  
1e-46    1.0000000000000002175e-46  
1e-48    1.0000000000000002782e-48  
1e-50    1.000000000000000245e-50  
1e-52    1.0000000000000001931e-52  
1e-54    1.0000000000000001757e-54  
1e-56    1.0000000000000001531e-56  
1e-58    1.0000000000000002026e-58  
1e-60    1.0000000000000002468e-60  
1e-62    1.0000000000000002554e-62  
1e-64    1.0000000000000003027e-64  
1e-66    1.0000000000000002394e-66  
1e-68    1.0000000000000002723e-68  
1e-70    1.0000000000000003174e-70  
1e-72    1.0000000000000003425e-72  
1e-74    1.0000000000000003504e-74  
1e-76    1.0000000000000003872e-76  
1e-78    1.0000000000000003584e-78  
1e-80    1.000000000000000336e-80  
1e-82    1.0000000000000004003e-82  
1e-84    1.0000000000000003775e-84  
1e-86    1.0000000000000004418e-86  
1e-88    1.000000000000000492e-88  
1e-90    1.000000000000000431e-90  
1e-92    1.0000000000000004991e-92  
1e-94    1.0000000000000004884e-94  
1e-96    1.00000000000000053e-96  
1e-98    1.0000000000000005885e-98  
1e-100   1.0000000000000005276e-100  
1e-102   1.0000000000000005276e-102  
1e-104   1.0000000000000005462e-104  
1e-106   1.0000000000000005462e-106  
1e-108   1.0000000000000006067e-108  
1e-110   1.0000000000000006421e-110  
1e-112   1.0000000000000006421e-112  
1e-114   1.0000000000000005916e-114  
1e-116   1.0000000000000005578e-116  
1e-118   1.0000000000000006459e-118  
1e-120   1.0000000000000006665e-120  
1e-122   1.000000000000000731e-122  
1e-124   1.000000000000000773e-124  
1e-126   1.0000000000000007664e-126  
1e-128   1.0000000000000008228e-128  
1e-130   1.0000000000000008869e-130  
1e-132   1.0000000000000009244e-132  
1e-134   1.0000000000000008951e-134  
1e-136   1.0000000000000009562e-136  
1e-138   1.0000000000000009622e-138  
1e-140   1.0000000000000009155e-140  
1e-142   1.000000000000000952e-142  
1e-144   1.0000000000000009463e-144  
1e-146   1.0000000000000009152e-146  
1e-148   1.0000000000000009777e-148  
1e-150   1.000000000000000956e-150  
1e-152   1.0000000000000009136e-152  
1e-154   1.0000000000000009666e-154  
1e-156   1.0000000000000009459e-156  
1e-158   1.0000000000000008731e-158  
1e-160   1.0000000000000009363e-160  
1e-162   1.0000000000000009412e-162  
1e-164   1.0000000000000009258e-164  
1e-166   1.0000000000000009438e-166  
1e-168   1.0000000000000009909e-168  
1e-170   1.0000000000000009027e-170  
1e-172   1.0000000000000009027e-172  
1e-174   1.0000000000000008937e-174  
1e-176   1.0000000000000008726e-176  
1e-178   1.000000000000000911e-178  
1e-180   1.0000000000000008767e-180  
1e-182   1.0000000000000008834e-182  
1e-184   1.0000000000000008416e-184  
1e-186   1.0000000000000009314e-186  
1e-188   1.0000000000000009059e-188  
1e-190   1.000000000000000891e-190  
1e-192   1.0000000000000008754e-192  
1e-194   1.0000000000000009302e-194  
1e-196   1.0000000000000008779e-196  
1e-198   1.0000000000000008407e-198  
1e-200   1.0000000000000008524e-200  
1e-202   1.0000000000000008297e-202  
1e-204   1.0000000000000008863e-204  
1e-206   1.0000000000000008587e-206  
1e-208   1.0000000000000009624e-208  
1e-210   1.0000000000000008881e-210  
1e-212   1.0000000000000008776e-212  
1e-214   1.0000000000000009435e-214  
1e-216   1.0000000000000010079e-216  
1e-218   1.0000000000000010381e-218  
1e-220   1.0000000000000009752e-220  
1e-222   1.0000000000000009691e-222  
1e-224   1.0000000000000009787e-224  
1e-226   1.0000000000000010462e-226  
1e-228   1.0000000000000010579e-228  
1e-230   1.0000000000000010762e-230  
1e-232   1.0000000000000010977e-232  
1e-234   1.0000000000000010753e-234  
1e-236   1.0000000000000011364e-236  
1e-238   1.0000000000000011842e-238  
1e-240   1.0000000000000011682e-240  
1e-242   1.0000000000000012181e-242  
1e-244   1.0000000000000012311e-244  
1e-246   1.000000000000001226e-246  
1e-248   1.0000000000000011705e-248  
1e-250   1.0000000000000011395e-250  
1e-252   1.000000000000001154e-252  
1e-254   1.0000000000000012373e-254  
1e-256   1.0000000000000013083e-256  
1e-258   1.0000000000000013406e-258  
1e-260   1.0000000000000014056e-260  
1e-262   1.0000000000000014225e-262  
1e-264   1.0000000000000013344e-264  
1e-266   1.0000000000000013619e-266  
1e-268   1.0000000000000013027e-268  
1e-270   1.0000000000000013027e-270  
1e-272   1.0000000000000012436e-272  
1e-274   1.0000000000000012488e-274  
1e-276   1.0000000000000012969e-276  
1e-278   1.000000000000001347e-278  
1e-280   1.0000000000000013029e-280  
1e-282   1.0000000000000013565e-282  
1e-284   1.0000000000000013803e-284  
1e-286   1.0000000000000013337e-286  
1e-288   1.0000000000000013337e-288  
1e-290   1.0000000000000013508e-290  
1e-292   1.0000000000000013864e-292  
1e-294   1.0000000000000014072e-294  
1e-296   1.0000000000000013638e-296  
1e-298   1.0000000000000013977e-298  
1e-300   1.0000000000000013513e-300  
1e-302   1.0000000000000013876e-302  
1e-304   1.0000000000000013876e-304  
1e-306   1.0000000000000014508e-306  
1e-308   1.0000000000000013915e-308  
1e-310   9.9999999999999694493e-311  
1e-312   9.9999999999846534143e-313  
1e-314   9.9999999996388074622e-315  
1e-316   9.9999998365971443346e-317  
1e-318   9.9999874849559983034e-319  
1e-320   9.9998886718268300541e-321  
1e-322   9.8813129168249308835e-323  
1e-324   0  
1e-326   0  
1e-328   0  
1e-330   0  
1e-332   0  
